,material,probability_C0,probability_C1,probability_C2,prediction
0,CrTaVPd,0.0015940223696906187,0.9976716409352391,0.0007343366950703583,SS
1,AlCrTaMoNb,0.12076112030789458,0.8786626894660778,0.0005761902260275455,SS
2,CrTaMoVPd,0.00948229465258091,0.9902301769134227,0.0002875284339964219,SS
3,CrZrTiHf,0.000563950539991956,0.9558369415330463,0.0435991079269617,SS
4,AlZrTiMoVNb,3.510978506242155e-05,0.9999228298076162,4.2060407321510736e-05,SS
5,ZrTiNbHf,2.7705487669920565e-06,0.9999959874881177,1.241963115389525e-06,SS
6,AlCrTiMoVHf,0.001465521630528698,0.9985121694732383,2.230889623299585e-05,SS
7,CrZrTiMoV,2.149011384143278e-05,0.001543451544168513,0.9984350583419901,SS+IM
8,CrZrVPdHf,0.007447414961283293,0.9917407557266655,0.0008118293120510651,SS
9,AlTiMoNb,0.00016349001587705054,0.9997944532420909,4.205674203207765e-05,SS
10,CrTaPdNb,4.233833325021657e-05,0.9615935763420462,0.03836408532470353,SS
11,CrTiMoVHf,2.7748953871306754e-06,0.31926607847995275,0.6807311466246599,SS+IM
12,AlZrTiMoPd,8.949488073320473e-05,0.9998825244364192,2.7980682847642173e-05,SS
13,AlCrTaZrVNb,0.0016611259196002207,0.9898464759631779,0.008492398117221934,SS
14,CrTaZrTiPdNb,8.727620803693227e-05,0.0020718474504788195,0.9978408763414842,SS+IM
15,AlCrTaZrVHf,0.004478567046067173,0.9948399232967352,0.0006815096571976017,SS
16,CrZrTiVNb,6.614148631300338e-06,1.3649433924948125e-05,0.9999797364174438,SS+IM
17,CrTaTiMoPdHf,1.4624659215289485e-05,0.9997768645874893,0.0002085107532954531,SS
18,AlCrZrMoPdHf,0.0005372914921110435,0.9990006227798242,0.00046208572806488013,SS
19,CrTaZrVPd,0.004594493448908648,0.994472704901737,0.0009328016493543109,SS
20,MoVPdNbHf,1.5251660611293694e-05,0.9998005785401476,0.00018416979924105545,SS
21,AlTiNbHf,1.0685330123290895e-05,0.9999849817365559,4.332933320722006e-06,SS
22,CrTaMoPdNbHf,1.5699199408057053e-05,0.998673198904744,0.0013111018958478669,SS
23,AlTaZrMoV,0.0007282649308253315,0.9992601419286301,1.1593140544554275e-05,SS
24,CrTaTiPdNb,1.2284579609250946e-05,0.9957851684232976,0.004202546997093314,SS
25,CrTaTiVPdNb,1.127397266104846e-05,0.9873894435126991,0.012599282514639853,SS
26,AlMoNbHf,0.00012414558125952487,0.9998622906430011,1.356377573929389e-05,SS
27,AlCrTaV,0.005490713688277518,0.9938105804066452,0.0006987059050774667,SS
28,AlZrTiVPdHf,0.4588241986159866,0.5411637297652387,1.2071618774565115e-05,SS
29,AlCrTaZrMoPd,0.00039942887935823316,0.9981448453873719,0.0014557257332698942,SS
30,TiMoVNb,1.761165274074408e-05,0.9999221786965425,6.0209650716702885e-05,SS
31,AlTaMoPdNbHf,1.6092102208524438e-05,0.6429596328428961,0.3570242750548952,SS
32,AlMoVNb,0.6231753941641018,0.3767799821160111,4.462371988696434e-05,IM
33,AlTaTiMoVHf,0.010325557648764729,0.9896638272798527,1.0615071382590915e-05,SS
34,AlTaZrTi,0.09866516682718954,0.9013203194179585,1.4513754851844644e-05,SS
35,AlTaZrMoVHf,0.018274886194540155,0.9817098156610817,1.5298144378204702e-05,SS
36,TaTiMoPdNbHf,8.566519427982328e-06,0.9987981182910466,0.0011933151895253292,SS
37,AlCrTaTiPd,3.497621273226759e-05,0.9999136506438717,5.137314339597268e-05,SS
38,TaTiMoVPd,3.927439257928199e-05,0.9997442184427545,0.00021650716466622324,SS
39,AlTaZrNb,0.00044702600492789777,0.9995418664633537,1.1107531718281815e-05,SS
40,AlCrZrTiPdNb,0.41633307888347676,0.00284001222146665,0.5808269088950567,SS+IM
41,AlCrTaZr,0.004963592757554615,0.6928339874459587,0.3022024197964868,SS
42,TaZrNbHf,0.009527376952435726,0.9904699247111195,2.6983364446994494e-06,SS
43,TaTiVPdHf,0.0038382668646926854,0.9961355078109387,2.622532436870925e-05,SS
44,CrZrMoNb,0.01094179810827699,0.2047480872665177,0.7843101146252054,SS+IM
45,AlCrTaMoVNb,0.08607856234124198,0.8811665091742245,0.03275492848453365,SS
46,CrTiMoVPdHf,0.00011472209058947419,0.9997929553345635,9.232257484701237e-05,SS
47,AlCrTaTiMoV,5.686313477526281e-05,0.9999232069174422,1.9929947782654092e-05,SS
48,CrTaZrVHf,0.004674340428939992,0.942626694188953,0.05269896538210695,SS
49,AlTaZrTiVNb,0.1765924619498211,0.823372668939215,3.486911096392282e-05,SS
50,CrTaZrMoNbHf,0.004614486209446473,0.3741129458731331,0.6212725679174204,SS+IM
51,AlCrPdNb,0.07662990447306989,0.9191232698571599,0.00424682566977021,SS
52,ZrTiMoVPd,0.11092949336647222,0.8889367380897888,0.00013376854373912752,SS
53,CrTiNbHf,5.128714607858958e-06,0.01442903333834328,0.9855658379470489,SS+IM
54,CrTaTiMoVHf,8.39566923786331e-06,0.8193972203631149,0.18059438396764735,SS
55,ZrMoPdHf,0.03306041693589218,0.9667213040811695,0.0002182789829381391,SS
56,AlZrTiPdNbHf,0.0031977529081878143,0.5499828997962948,0.4468193472955173,SS
57,ZrTiVHf,0.44280328440329036,0.557192491061916,4.2245347936370995e-06,SS
58,AlTaTiMoNb,5.242817660014388e-05,0.9999230477471599,2.4524076239979656e-05,SS
59,AlCrMoVPdHf,1.579033388343168e-05,0.999951080241299,3.312942481759699e-05,SS
60,ZrTiVPdNbHf,0.006967855127716274,0.9930040247853156,2.8120086968127942e-05,SS
61,CrTaTiVHf,7.860817202183119e-07,0.72960395670772,0.2703952572105597,SS
62,ZrMoNbHf,0.011755085513460847,0.9882347840153347,1.0130471204524897e-05,SS
63,AlCrTaTiMo,0.0004645719489613608,0.999522731894279,1.269615675964753e-05,SS
64,AlCrTiVNbHf,2.3287099353355623e-05,0.99435817055715,0.005618542343496593,SS
65,TaMoVPdHf,1.6768681922004354e-05,0.999962263663943,2.0967654134805578e-05,SS
66,TaZrTiV,0.2923833357912724,0.7076056778016239,1.0986407103622138e-05,SS
67,TaTiMoHf,1.2830645842849638e-06,0.9999831531139918,1.55638214240369e-05,SS
68,CrTaZrPd,0.034199521319562706,0.9641847477420619,0.0016157309383753634,SS
69,AlTaZrVNb,0.0005457707557643314,0.9994480079261461,6.221318089617607e-06,SS
70,CrTaZrTiMoV,3.706899734718946e-05,0.0004934672001370691,0.9994694638025157,SS+IM
71,CrZrMoNbHf,0.00492052523820992,0.14102256969992513,0.8540569050618649,SS+IM
72,AlTaMoVPdNb,0.015317607996016277,0.9844743763146055,0.00020801568937823102,SS
73,CrZrTiMoNbHf,8.205852616325913e-05,0.09941302093648542,0.9005049205373513,SS+IM
74,CrTaMoPd,3.932571430754471e-05,0.9530066340187767,0.04695404026691569,SS
75,AlZrMoVNbHf,0.0009238998051003767,0.9990430283401537,3.307185474589359e-05,SS
76,ZrVNbHf,0.005904642503551858,0.994085648155172,9.70934127621086e-06,SS
77,TaZrMoPdHf,0.011901538677757763,0.9879023349593024,0.00019612636293969612,SS
78,AlZrTiMo,0.0027524594688990846,0.9972205326929591,2.700783814178082e-05,SS
79,ZrPdNbHf,0.011278391757158088,0.9886031027979292,0.00011850544491274166,SS
80,AlTaZrTiMoV,0.20861724475745916,0.7913717129857405,1.104225680035523e-05,SS
81,AlCrTiMoPd,0.12079250876805146,0.8790586032952357,0.00014888793671295752,SS
82,AlCrZrPd,0.017706891260837434,0.9580169688041468,0.024276139935015758,SS
83,AlCrTaZrPd,0.0005025755964862502,0.9985953686264576,0.000902055777056163,SS
84,AlTaZrMo,0.004889081409101141,0.9950986231675335,1.229542336523797e-05,SS
85,AlCrTaMoVHf,1.3127989256015829e-05,0.9999698742922554,1.6997718488605285e-05,SS
86,CrZrVNbHf,0.004758551563435725,0.1016008717755593,0.8936405766610049,SS+IM
87,CrZrMoVNb,0.007285979639154679,0.001797053566700006,0.9909169667941453,SS+IM
88,CrZrMoVNbHf,0.025369119812638334,0.5641867503831229,0.4104441298042387,SS
89,CrTaZrTiVHf,0.0013360164880670763,0.8588832132562494,0.13978077025568367,SS
90,CrTaTiNbHf,9.234940163128604e-07,0.047053381624849566,0.9529456948811341,SS+IM
91,TaTiMoNbHf,9.305398443996976e-07,0.9999857961560809,1.3273304074740286e-05,SS
92,AlTaTiVHf,0.019188990450216544,0.9808041016184278,6.907931355729702e-06,SS
93,AlCrTaZrNbHf,0.0004279656247571349,0.16879715971695736,0.8307748746582855,SS+IM
94,AlTiVPdHf,0.16563693919836425,0.8343501113683821,1.2949433253686246e-05,SS
95,TaMoPdNbHf,3.75595801577997e-05,0.9986396722196109,0.0013227682002313016,SS
96,TiVPdNb,0.000867266539707863,0.9957653519944197,0.003367381465872347,SS
97,CrTiMoVNbHf,5.324307351412123e-05,0.6414983298706497,0.35844842705583624,SS
98,CrZrTiMoPd,0.5862102225814144,0.05997380358587996,0.3538159738327055,IM
99,AlCrZrMoV,0.7502344279150099,0.2496185771532866,0.00014699493170349922,IM
100,CrTaMoHf,1.7735644897595204e-05,0.6397070906877992,0.3602751736673031,SS
101,AlTaZrNbHf,0.00047356119259807865,0.9995177161796094,8.722627792719539e-06,SS
102,AlTiPdNbHf,9.208503877982425e-06,0.9999791904959363,1.1601000185731697e-05,SS
103,CrZrTiVPdNb,0.9016303901908619,0.015801819229739795,0.08256779057939821,IM
104,CrTaTiMoVPd,5.6124135386389714e-05,0.944165465727666,0.05577841013694765,SS
105,AlCrZrMoVNb,0.7578149395525346,0.23519202539527997,0.006993035052185421,IM
106,ZrTiVPd,0.62732664979979,0.37205179362672924,0.0006215565734805686,IM
107,TaZrTiVNb,3.627291333002087e-06,0.9999814955113122,1.4877197354863005e-05,SS
108,AlPdNbHf,1.1761112963209443e-05,0.9999328268362646,5.541205077211955e-05,SS
109,ZrMoVNbHf,0.0055772226248857575,0.9944115194715545,1.1257903559717155e-05,SS
110,AlZrTiMoPdHf,0.0033186050076246818,0.9966684466401237,1.2948352251663307e-05,SS
111,AlTaVHf,0.009514960792004435,0.990466055174887,1.8984033108602848e-05,SS
112,CrZrTiV,0.17482183709610313,0.05827566642744556,0.7669024964764513,SS+IM
113,TiMoPdNb,0.00022248561742858433,0.9715383927038947,0.02823912167867656,SS
114,AlTaMoVHf,5.230384519179977e-06,0.9999871806985109,7.588916969913385e-06,SS
115,AlCrTaPdNb,0.003267933977764575,0.9964307240183838,0.0003013420038516723,SS
116,CrTaZrMoV,0.008043771702594637,0.00456563690108017,0.9873905913963252,SS+IM
117,CrTiVNb,1.4848195898918892e-05,0.003872509986051051,0.99611264181805,SS+IM
118,AlTaVNb,0.00022335600737993536,0.9997646071378625,1.2036854757566114e-05,SS
119,AlTaZrMoPdHf,0.0006623887368385834,0.999318190417915,1.9420845246419386e-05,SS
120,TiPdNbHf,9.692729431334953e-06,0.99984889445663,0.00014141281393857314,SS
121,CrTiMoPdHf,7.415298254629067e-05,0.9997777755006272,0.00014807151682651304,SS
122,TaTiMoVHf,5.837483531463532e-07,0.9999818424327713,1.7573818875713e-05,SS
123,CrTaTiMoNb,1.1080487049868031e-05,0.006507768116532327,0.9934811513964178,SS+IM
124,AlTaZrVPd,0.2735951966618603,0.7263949936887734,9.809649366358925e-06,SS
125,AlTiMoV,0.0009171405769041918,0.9989381558599835,0.00014470356311247648,SS
126,CrMoNbHf,3.108272100740855e-05,0.8486465032812304,0.1513224139977622,SS
127,CrTiMoVPd,9.814654008808917e-05,0.9987996001980902,0.00110225326182181,SS
128,AlCrTaZrMoNb,0.055642346076910855,0.00976204771385503,0.9345956062092341,SS+IM
129,AlCrTaMoPd,0.020709096462149537,0.9792430786333699,4.782490448065338e-05,SS
130,AlCrTiMoPdHf,0.00020658200938075883,0.99975291250708,4.05054835392697e-05,SS
131,CrTaZrPdNbHf,0.00650879551244341,0.9791069543454057,0.014384250142150808,SS
132,CrTaZrTiPd,7.17828724809812e-05,0.9948116651176008,0.00511655200991828,SS
133,CrMoVHf,2.6706501895857602e-05,0.9964345528587314,0.003538740639372706,SS
134,AlZrVPdNbHf,0.04543715463988675,0.9545247793168141,3.8066043299107644e-05,SS
135,AlCrTaZrTiHf,0.0008146865591156621,0.8600036215565467,0.13918169188433757,SS
136,AlTiVPdNb,0.0011342677609174727,0.9988501962267208,1.5536012361725326e-05,SS
137,AlTaZrMoNbHf,0.0006405973278038591,0.8568890727104557,0.14247032996174044,SS
138,AlCrTaTiMoPd,3.370481066641941e-05,0.9999080308812256,5.826430810801888e-05,SS
139,TaTiMoPd,4.031750584185586e-05,0.9969923275757383,0.0029673549184197567,SS
140,AlTaZrTiMoHf,0.0023575678317287983,0.9976340381780593,8.393990211991895e-06,SS
141,AlTaZrTiHf,0.1850463819730036,0.8149413270881983,1.2290938798171269e-05,SS
142,AlCrZrMo,0.4870535168260507,0.07465759441341703,0.43828888876053224,IM
143,AlCrTaZrPdHf,0.0005419979258921883,0.995580713906859,0.003877288167248824,SS
144,AlTaMoNb,0.017598161606603963,0.9823813647631096,2.0473630286464932e-05,SS
145,TaMoNbHf,1.9269514721948086e-05,0.9999703446915327,1.0385793745503198e-05,SS
146,AlTaMoPdNb,0.016840144478581398,0.9831220705720058,3.778494941272944e-05,SS
147,AlZrVHf,0.41733222218046717,0.5826582531087882,9.524710744602772e-06,SS
148,AlCrTaVHf,1.8502939438367847e-05,0.9999566898435471,2.4807217014480708e-05,SS
149,AlCrTaVPd,0.003895933662215917,0.9960759340427253,2.8132295058737782e-05,SS
150,AlZrMoHf,0.014242643844043362,0.9857496559868014,7.700169155189228e-06,SS
151,CrTaMoPdNb,0.00013150546971642924,0.9992050312417872,0.0006634632884964501,SS
152,AlCrZrMoPdNb,0.6223006260597995,0.002876423618312286,0.3748229503218883,IM
153,CrZrPdNb,0.4976399016925808,0.02611957819162825,0.47624052011579093,IM
154,TaZrTiMoVNb,2.9201184436506083e-05,0.999858779600819,0.0001120192147444973,SS
155,CrTaZrTiVPd,0.03096979072135729,0.9474305563826799,0.02159965289596284,SS
156,TaVPdNbHf,1.011020024513786e-05,0.9999646919276065,2.5197872148369013e-05,SS
157,TaZrTiPdHf,0.2510104941492521,0.7488773402274026,0.00011216562334532968,SS
158,AlTaVNbHf,2.5598516716746253e-06,0.9999894008186078,8.039329720540036e-06,SS
159,CrTiMoHf,3.416723294902867e-05,0.9914689313095008,0.008496901457550261,SS
160,CrTaZrMoVHf,0.005419759545372304,0.927396542971463,0.06718369748316469,SS
161,TaZrTiMoNbHf,1.7356908315224374e-05,0.9999050778418858,7.756524979907473e-05,SS
162,AlCrZrPdNb,0.88411093651092,0.10764827310230005,0.00824079038677989,IM
163,MoPdNbHf,4.128249999064046e-05,0.9994194262345174,0.0005392912654919355,SS
164,AlTaTiPdNbHf,6.971275915911326e-05,0.6813828228067471,0.3185474644340938,SS
165,AlCrZrTi,0.6184729242378165,0.005288778607679149,0.3762382971545044,IM
166,CrTaZrTiMoNb,2.414833230469187e-05,0.00010923584364934493,0.999866615824046,SS+IM
167,TaMoVPdNb,0.007340473658496816,0.9925785634339753,8.096290752779677e-05,SS
168,AlTaZrMoPdNb,0.001075304690902187,0.12767297703739433,0.8712517182717034,SS+IM
169,AlCrTiMo,0.966616262761393,0.03309713932713165,0.00028659791147535736,IM
170,AlZrTiMoVHf,0.24626624499751687,0.753716300146423,1.7454856060084236e-05,SS
171,TiMoVPdNb,0.0007603714432430132,0.9990519294731575,0.00018769908359944987,SS
172,AlCrZrTiPd,0.004960424003962623,0.9936461071111229,0.0013934688849146083,SS
173,AlTiMoVHf,8.229167658527807e-06,0.9999798658944714,1.1904937870096035e-05,SS
174,AlCrZrPdHf,0.0005840648477852898,0.998997354702139,0.0004185804500756682,SS
175,CrMoVNb,0.00027253741054486584,0.992152204826389,0.007575257763066112,SS
176,CrZrTiVPdHf,0.05966317332946692,0.9394689720737377,0.0008678545967952875,SS
177,CrTiVPdNbHf,1.3986051876648594e-05,0.99786551248095,0.0021205014671733264,SS
178,CrZrTiMoNb,1.7789939219507915e-05,0.004537994776353225,0.9954442152844273,SS+IM
179,CrZrTiPdNb,0.9122469023284012,0.020892413414670283,0.06686068425692841,IM
180,AlTaZrVPdNb,0.10545598183925177,0.8945130920322828,3.0926128465355705e-05,SS
181,AlZrMoPdHf,0.0007079430137236012,0.9992764846375578,1.557234871857533e-05,SS
182,AlCrZrMoVHf,0.06075394996057295,0.9391305054598985,0.00011554457952850071,SS
183,CrTaZrTiPdHf,0.003572383326193588,0.9959646679722086,0.00046294870159769436,SS
184,AlCrZrTiVPd,0.9768864828758159,0.022850508429709836,0.0002630086944743408,IM
185,ZrVPdNb,0.17264632409209163,0.8115231593171495,0.01583051659075873,SS
186,AlCrMoVPdNb,0.262800182499254,0.7356974980904716,0.001502319410274284,SS
187,AlTaMoHf,5.28720288930727e-06,0.9999808090739741,1.3903723136686477e-05,SS
188,AlCrTaTiMoHf,9.427074582132916e-05,0.9998855146669915,2.0214587187192864e-05,SS
189,AlCrTaTiV,6.193275143428989e-05,0.9998196493648652,0.0001184178837004621,SS
190,AlCrPdHf,1.087032564498169e-05,0.9999558719374168,3.3257736938249034e-05,SS
191,AlTaZrVHf,0.15867167241289598,0.8413123692909243,1.5958296179673173e-05,SS
192,ZrTiMoVPdHf,0.09174969147375835,0.9082275958744968,2.2712651744884287e-05,SS
193,CrTaZrMo,0.0035378362519729997,0.5294352223779648,0.4670269413700621,SS
194,CrZrMoVHf,0.005313681224432853,0.08574468471016664,0.9089416340654004,SS+IM
195,TiMoVHf,2.6766263546904907e-06,0.9999906167184146,6.706655230733978e-06,SS
196,AlMoVHf,0.00017102931556291798,0.9998133157450358,1.5654939401306607e-05,SS
197,AlCrMoPdHf,0.0002342952423324881,0.999713970277004,5.17344806635021e-05,SS
198,CrTaZrVNb,0.005568220716819753,0.003360139271389117,0.9910716400117913,SS+IM
199,TaZrTiVHf,0.34124481013031943,0.6587414609178669,1.3728951813720549e-05,SS
200,AlCrTaTiMoNb,9.991962898797168e-05,0.03669648832027322,0.9632035920507388,SS+IM
201,CrTiMoVPdNb,0.000272637374069012,0.8523137270486917,0.14741363557723922,SS
202,TaZrTiPd,0.23128230022710608,0.7682799762118288,0.0004377235610651799,SS
203,AlTaZrMoVPd,0.10711162873310409,0.8928742975764691,1.4073690426792512e-05,SS
204,CrTiVHf,6.1819961083209045e-06,0.8138404987028562,0.18615331930103543,SS
205,AlCrTiNbHf,5.926004158743784e-05,0.9997176635385521,0.00022307641986049989,SS
206,AlCrZrMoPd,0.9435712417129009,0.05600116585332728,0.0004275924337718302,IM
207,CrZrNbHf,0.005573163907217808,0.006340879137450321,0.988085956955332,SS+IM
208,CrTaZrV,0.004127794799111722,0.7938084792273685,0.2020637259735197,SS
209,AlCrZrMoVPd,0.4207938528637161,0.5790345110879846,0.00017163604829932688,SS
210,CrTaZrTiNbHf,2.5004253156608293e-05,0.004345604839289896,0.9956293909075534,SS+IM
211,TaMoVNb,5.633979737106278e-06,0.9999817574053314,1.2608614931529168e-05,SS
212,AlCrZrVNbHf,0.0008057262367713949,0.990844033682911,0.00835024008031774,SS
213,CrTaPdNbHf,1.3406446660994976e-05,0.9893560230269465,0.010630570526392644,SS
214,AlZrVNb,0.0010114646592013668,0.9989476692228857,4.08661179128959e-05,SS
215,CrTaMoNb,0.00016473001756110565,0.9860572552240604,0.013778014758378447,SS
216,TaTiPdHf,0.001281621884546617,0.9986936784697966,2.469964565662427e-05,SS
217,AlTaTiMo,4.4666483959135864e-05,0.999948366792137,6.966723903879901e-06,SS
218,AlTaTiMoPdHf,8.090953296994603e-05,0.9999069741133041,1.2116353726000094e-05,SS
219,CrTaZrMoVPd,0.005800032536994908,0.9919173033979195,0.002282664065085579,SS
220,AlCrZrTiMoV,0.7354739873398008,0.26420323363022435,0.00032277902997487293,IM
221,CrTiVPd,0.001357170915010045,0.9542192957931953,0.04442353329179454,SS
222,AlZrTiMoVPd,0.25761424349246476,0.7423205165404164,6.523996711896144e-05,SS
223,TaZrVNbHf,0.00529788818726285,0.9946895235398383,1.2588272898728958e-05,SS
224,CrTaTiMoHf,1.5476800791628068e-06,0.6362765192683201,0.3637219330516009,SS
225,CrTaTiVNbHf,7.310611259133482e-06,0.1343900616954008,0.8656026276933401,SS+IM
226,AlTaZrTiNb,3.881355317027403e-06,0.9999927104306933,3.408213989776417e-06,SS
227,AlTaZrMoHf,0.0005743215584396036,0.9994200698603315,5.60858122892462e-06,SS
228,CrTaTiPdHf,9.255998019944746e-06,0.9992138153443093,0.0007769286576708511,SS
229,TaVNbHf,3.12941200582081e-06,0.9999844397338413,1.2430854152884567e-05,SS
230,AlCrZrTiMo,0.9605108343085292,0.03672876602185356,0.002760399669617169,IM
231,CrZrTiPdHf,0.005111446442758619,0.9941353099423562,0.0007532436148851864,SS
232,AlTaZrTiNbHf,0.00041663983056293115,0.731499587938294,0.268083772231143,SS
233,AlZrMoVPdHf,0.14997845623565578,0.8500040482187339,1.749554561028922e-05,SS
234,AlTaTiMoVNb,1.3440490006412794e-05,0.9999343082080615,5.225130193222257e-05,SS
235,AlZrMoNbHf,0.0460372300680064,0.9539554113744286,7.358557564917202e-06,SS
236,CrTaMoPdHf,1.377538644099775e-05,0.9998119509624038,0.00017427365115522923,SS
237,AlTaPdHf,0.0008546131612019743,0.9991297200482034,1.566679059458547e-05,SS
238,TaZrTiMoVPd,0.08348765885719206,0.9160967608047063,0.00041558033810158154,SS
239,TaZrMoVNb,0.005615889367733838,0.9943253613697601,5.874926250605765e-05,SS
240,AlZrTiNbHf,8.82007901897002e-06,0.9999860504231168,5.129497864285488e-06,SS
241,TaTiVNb,2.968346566418607e-06,0.9999963004790955,7.31174337973224e-07,SS
242,AlZrVPdHf,0.44347319888692427,0.5565186234920402,8.177621035553312e-06,SS
243,TaZrTiMoPdNb,0.0008792006978129794,0.1075380749065845,0.8915827243956025,SS+IM
244,AlCrTiPdHf,1.0176059704460574e-05,0.9999529282276349,3.689571266067805e-05,SS
245,AlCrTiVNb,0.0026457947836480878,0.9915082151046111,0.005845990111740915,SS
246,CrZrTiMoVNb,4.791253182686111e-05,0.0013967518856725062,0.9985553355825006,SS+IM
247,AlCrZrNb,0.02654858658348944,0.0019186988669997137,0.971532714549511,SS+IM
248,AlMoVPdNbHf,1.8490941826657354e-05,0.9999522759661377,2.9233092035618882e-05,SS
249,AlZrTiMoNbHf,7.185909361383484e-06,0.9395966797561599,0.06039613433447866,SS
250,TaZrTiVPd,0.2716395145947063,0.7282563472857104,0.00010413811958324664,SS
251,AlCrTaMoPdHf,9.892957012065024e-06,0.9999426197147219,4.748732826605623e-05,SS
252,AlTaZrTiPdHf,0.19268658627333288,0.8073010408377314,1.2372888935793176e-05,SS
253,AlMoPdHf,0.0005935850999305621,0.9993905149866086,1.5899913460882945e-05,SS
254,CrZrPdHf,0.10958068506673002,0.8899254643427894,0.000493850590480563,SS
255,CrTaTiHf,7.04337100565686e-07,0.6883495210158544,0.3116497746470449,SS
256,CrTiMoNb,0.00019968467677904065,0.05800437558446202,0.941795939738759,SS+IM
257,AlCrTaHf,1.6480249690280196e-05,0.9941059765768047,0.005877543173504965,SS
258,TaZrTiMoV,5.992189446100193e-06,0.9999173049038337,7.670290672009846e-05,SS
259,AlZrMoPdNb,0.29735993818968515,0.7025714724607913,6.858934952352859e-05,SS
260,AlTiVNbHf,5.4429763740124305e-06,0.999958555716215,3.600130741095699e-05,SS
261,AlZrMoVPd,0.30340747379802513,0.6965795142783208,1.3011923654107629e-05,SS
262,TaZrMoPdNbHf,0.013718103434294776,0.9849563587369257,0.0013255378287796203,SS
263,CrTaTiMo,9.981310077441242e-05,0.6461991178724514,0.3537010690267742,SS
264,MoVPdNb,0.00034963634049700284,0.9969540160958881,0.0026963475636149837,SS
265,ZrTiMoPdHf,0.03752049185345485,0.9623728339299541,0.00010667421659113362,SS
266,AlTaTiMoHf,6.937782920904329e-07,0.9999970975112303,2.208710477556683e-06,SS
267,AlCrMoVNbHf,0.0007709035566399334,0.9990261145119838,0.0002029819313763061,SS
268,CrMoPdHf,1.4994361940576772e-05,0.999901755398061,8.325023999834573e-05,SS
269,ZrTiMoNb,6.147808336183634e-06,0.9999873670902008,6.485101463044161e-06,SS
270,AlZrTiMoHf,1.9718547618338e-05,0.999969314555498,1.096689688375045e-05,SS
271,AlCrZrTiVHf,0.015876173713764683,0.9833664856190403,0.00075734066719497,SS
272,AlCrZrVPdHf,0.02690422544682633,0.9726248290084206,0.0004709455447530808,SS
273,CrZrTiMoVPd,0.1974045012788239,0.7892478751995533,0.013347623521622776,SS
274,AlCrTiVPdNb,0.03019394371325966,0.9198381542242551,0.04996790206248533,SS
275,CrTaTiNb,7.718033108910051e-06,0.008374441113945776,0.9916178408529452,SS+IM
276,CrTiVNbHf,1.5078800037255568e-06,0.06561192145602673,0.9343865706639696,SS+IM
277,AlTaZrPd,0.155284972366209,0.8447039120453093,1.111558848161754e-05,SS
278,AlCrVNb,0.5631930177380643,0.41983285265484266,0.01697412960709303,IM
279,CrTaZrPdHf,0.0039191780974418625,0.9911088243632248,0.0049719975393333815,SS
280,VPdNbHf,8.770759208592236e-06,0.9999424752480296,4.8753992761864034e-05,SS
281,CrMoVPdNbHf,1.4252739962065744e-05,0.9993879625565019,0.0005977847035360909,SS
282,AlCrZrTiV,0.5747231572650956,0.42428579533969013,0.0009910473952143167,IM
283,AlCrTiMoHf,0.0015008938039583338,0.998473525512175,2.558068386670491e-05,SS
284,TaVPdNb,0.0015183264455063748,0.9982908682646523,0.0001908052898413574,SS
285,CrVPdHf,1.1551941634483466e-05,0.9998892711470305,9.917691133494987e-05,SS
286,CrZrTiMoPdHf,0.0010835177302810292,0.9979580390284525,0.0009584432412664659,SS
287,TaTiPdNb,8.373451356290092e-06,0.9875945281700926,0.01239709837855101,SS
288,AlZrTiVPdNb,0.9566007610915956,0.04308658020542073,0.0003126587029836778,IM
289,CrTaMoVNbHf,2.7749269005705804e-05,0.9434741217590679,0.05649812897192636,SS
290,CrTaZrMoPd,0.00914875165488873,0.988992442275451,0.0018588060696602597,SS
291,AlCrTaNbHf,3.084500175271594e-05,0.9997926646983674,0.00017649029987999327,SS
292,ZrTiVNb,4.2465350845050516e-06,0.9999866515643399,9.101900575793548e-06,SS
293,AlCrTaTiNb,2.2506951396117366e-05,0.9999271301933494,5.036285525435485e-05,SS
294,TiMoVNbHf,1.7557109294821025e-06,0.9999845748850692,1.3669404001431773e-05,SS
295,TaZrTiVNbHf,0.0014760764084032398,0.9984970620737121,2.6861517884758395e-05,SS
296,AlTiMoVNbHf,9.00733410797606e-06,0.9999608369537799,3.015571211204083e-05,SS
297,AlCrVNbHf,0.00018479969737319479,0.9995983817950596,0.00021681850756726033,SS
298,CrTaZrHf,0.005028994421958133,0.9865355932966903,0.008435412281351706,SS
299,AlCrZrTiMoHf,0.0019183174423142986,0.7977952504642986,0.20028643209338706,SS
300,TaZrPdHf,0.09871882545622142,0.9011276473254218,0.00015352721835674526,SS
301,AlTaTiNb,1.3695099851073173e-06,0.9999900286687703,8.601821244669868e-06,SS
302,TaZrTiNbHf,2.8544903095677097e-07,0.9999985194939667,1.195057002453993e-06,SS
303,CrTiPdNb,0.00013689761655265984,0.7766966040528112,0.22316649833063623,SS
304,AlCrTaZrTiV,0.015499977548624424,0.9839967086025673,0.0005033138488082273,SS
305,AlCrTaVNb,0.0028131834662592503,0.9954112799632493,0.0017755365704913756,SS
306,CrTaMoVPdHf,1.640789503925925e-05,0.9999136682535914,6.992385136927894e-05,SS
307,AlTaTiV,0.03218329605440506,0.967809637701992,7.066243603094264e-06,SS
308,CrTaZrTiMoHf,1.7362536121138848e-05,0.4199646197527177,0.5800180177111612,SS+IM
309,AlZrMoVHf,0.0010524876277371174,0.9989317768493212,1.573552294171694e-05,SS
310,CrTaTiMoVNb,0.0001469311921375412,0.07223774796225757,0.9276153208456048,SS+IM
311,AlCrTaMoNbHf,0.00010977618512672928,0.04647399345290089,0.9534162303619724,SS+IM
312,AlTaMoVNb,0.13467186929130037,0.865311654106238,1.6476602461571414e-05,SS
313,CrTaZrTiMoPd,0.001037384210525839,0.9759337936660006,0.023028822123473507,SS
314,AlTaZrTiMoNb,9.55868029399013e-06,0.8282915512159894,0.1716988901037165,SS
315,CrTaTiPd,4.32338301158471e-05,0.9841935503199873,0.015763215849896768,SS
316,AlTaPdNbHf,8.812432238083358e-06,0.9999796174850997,1.1570082662178915e-05,SS
317,CrZrPdNbHf,0.006828603760505202,0.9922714605508782,0.000899935688616508,SS
318,ZrMoVHf,0.005901639669734567,0.9940659777493648,3.238258090077196e-05,SS
319,CrZrTiMo,0.10201496727354856,0.001382097695721382,0.8966029350307302,SS+IM
320,CrTiMoPdNbHf,0.00012562192065308884,0.9962698402737639,0.0036045378055830778,SS
321,AlZrTiNb,4.068923325099951e-05,0.9999159514539715,4.3359312777470884e-05,SS
322,AlCrTaZrMo,0.0173942815954844,0.8262871007595598,0.15631861764495583,SS
323,AlCrTiMoNb,0.03239415999267345,0.9660639941316645,0.0015418458756619828,SS
324,CrTaMoNbHf,2.810697817885163e-05,0.9313428426248143,0.06862905039700694,SS
325,CrVNbHf,6.7021818055501055e-06,0.8444708957456875,0.15552240207250698,SS
326,AlCrZrVPdNb,0.9503044469171983,0.01326343974904914,0.036432113333752625,IM
327,AlCrTiMoVPd,0.008014450989584893,0.991971125788393,1.4423222022167214e-05,SS
328,TaZrTiMoPdHf,0.016933769452397506,0.9828940222386253,0.00017220830897726793,SS
329,AlTaVPdHf,0.0075599898169088,0.9924249684012829,1.5041781808236064e-05,SS
330,TaTiMoPdNb,1.3767720609544284e-05,0.9821024444503476,0.01788378782904294,SS
331,AlCrTiMoV,0.3449010361608773,0.654282732089052,0.0008162317500707716,SS
332,AlTaPdNb,0.0006489051434982248,0.9992554664778776,9.562837862424644e-05,SS
333,ZrVPdHf,0.22077182898176342,0.7791951093589025,3.3061659334131245e-05,SS
334,AlTaZrMoNb,0.027298274339624774,0.9726802844445656,2.1441215809535237e-05,SS
335,AlTaMoV,0.01764991151053375,0.9823378530691547,1.2235420311554338e-05,SS
336,TaVPdHf,0.0028279841270246447,0.9971444607192761,2.7555153699200468e-05,SS
337,TaZrMoVPd,0.004097232832023729,0.9958154054863414,8.736168163484763e-05,SS
338,CrZrTiVNbHf,4.335588371895609e-05,0.031723206121571465,0.9682334379947095,SS+IM
339,AlTaZrVPdHf,0.1895375196871909,0.8104442466133042,1.8233699505123224e-05,SS
340,AlCrTaMoPdNb,0.009412027199570537,0.1597308409125015,0.8308571318879279,SS+IM
341,CrMoVPdNb,0.00021158212529672203,0.997777546693316,0.002010871181387245,SS
342,CrTaZrVPdNb,0.018715607247795658,0.9392984264717469,0.041985966280457476,SS
343,TaTiVPdNb,1.386164299306139e-05,0.9997791340227772,0.00020700433422970674,SS
344,CrZrVPd,0.8912409640701111,0.09519428321888622,0.013564752711002737,IM
345,AlZrPdNbHf,0.0004492732078069648,0.99953858257219,1.2144220003191953e-05,SS
346,TiVNbHf,5.653136031947807e-06,0.9999535608390919,4.078602487613203e-05,SS
347,AlTaTiHf,0.0015046553911274181,0.9984817293413274,1.3615267545059445e-05,SS
348,AlTiMoVPdHf,0.09062597989913418,0.9093586482450405,1.5371855825154413e-05,SS
349,CrZrVPdNbHf,0.009633002001194858,0.9872441653838652,0.0031228326149399777,SS
350,TaZrTiMoHf,6.120002138841254e-07,0.9999799437238461,1.9444275940024654e-05,SS
351,TaMoVPdNbHf,1.0875481463534077e-05,0.9999635891599912,2.5535358545278264e-05,SS
352,AlZrPdNb,0.0005138709720017889,0.9993563278823163,0.00012980114568195687,SS
353,AlCrTaVNbHf,1.969603608023301e-05,0.9995078781318334,0.0004724258320863325,SS
354,CrZrTiPdNbHf,0.0001504020023855857,0.9969863715274875,0.0028632264701269386,SS
355,TaZrPdNb,0.05268737933485295,0.9458962039356976,0.001416416729449448,SS
356,AlCrMoNbHf,0.00020386394061316324,0.9996375175671359,0.00015861849225088357,SS
357,TaZrTiHf,0.0766352601323648,0.9233626113935499,2.1284740854285677e-06,SS
358,CrZrMoVPdHf,0.008904805691625344,0.9906630435722081,0.00043215073616646705,SS
359,AlZrPdHf,0.11751855602103997,0.8824654560123613,1.5987966598722e-05,SS
360,AlCrMoVPd,0.3833605484310769,0.6166129601863697,2.6491382553439516e-05,SS
361,TaTiVHf,0.010877903052206686,0.9891068748955276,1.5222052265809942e-05,SS
362,TaZrMoVPdNb,0.0057803028122034176,0.9940281270287517,0.00019157015904503778,SS
363,TiMoPdHf,9.671105817767363e-06,0.9997915668240996,0.000198762070082505,SS
364,TaZrTiVPdHf,0.19692879035647906,0.803049578234835,2.1631408685911796e-05,SS
365,AlTiMoHf,4.470280138417431e-05,0.9999504561196937,4.8410789222389816e-06,SS
366,ZrTiMoPdNbHf,0.00012446183341277044,0.9991859674192546,0.0006895707473326716,SS
367,TaTiMoPdHf,8.547926782486276e-06,0.9999667589179045,2.469315531292712e-05,SS
368,CrMoVPd,0.00016052955392567157,0.9989646273965475,0.0008748430495268083,SS
369,AlCrTaZrVPd,0.024447928584986747,0.9737757889324224,0.0017762824825907982,SS
370,CrTaNbHf,4.4082181785439265e-06,0.35187881914157065,0.6481167726402509,SS+IM
371,CrTaZrTi,2.9778503653656774e-06,0.8198314983338898,0.18016552381574494,SS
372,TaZrMoPdNb,0.013324587540474003,0.9841354412485035,0.0025399712110225586,SS
373,TaTiVPd,0.0018704284661347867,0.9978637475205067,0.00026582401335856193,SS
374,AlCrZrPdNbHf,0.000467715386920443,0.15788550863169895,0.8416467759813806,SS+IM
375,ZrMoPdNbHf,0.013730113257382598,0.9860894665985451,0.0001804201440721785,SS
376,CrMoVPdHf,1.2700525318661282e-05,0.9990849148328923,0.0009023846417889528,SS
377,AlCrTaTiPdNb,1.2550927813982463e-05,0.10205766492114653,0.8979297841510394,SS+IM
378,CrTaZrMoPdNb,0.015026368664286414,0.927917262987154,0.05705636834855948,SS
379,AlCrMoPdNbHf,2.469983036016681e-05,0.6490373806566461,0.3509379195129938,SS
380,CrZrTiVHf,0.0014696154167335598,0.7805280452785288,0.2180023393047376,SS
381,TaPdNbHf,2.9818750309742293e-05,0.999732035086181,0.00023814616350931127,SS
382,AlTiVPd,0.029710774065586455,0.9702618731073143,2.7352827099226793e-05,SS
383,AlCrTiHf,1.2527761549828094e-05,0.999933785356934,5.3686881516121126e-05,SS
384,AlCrTiPdNbHf,1.966265083846962e-05,0.29470216797830834,0.7052781693708532,SS+IM
385,TaTiMoVNb,6.967567786405581e-06,0.9999024546341939,9.057779801969164e-05,SS
386,CrTaVNb,1.1835505379310635e-05,0.9681493264290307,0.031838838065589924,SS
387,AlZrTiV,0.6156308273477092,0.384335144031912,3.4028620378858074e-05,IM
388,AlTaZrMoVNb,0.0007103997636623772,0.999241473675024,4.8126561313561556e-05,SS
389,AlCrMoV,0.6411002630150188,0.3587636060096651,0.00013613097531617503,IM
390,CrTaVPdHf,1.1373461809920103e-05,0.9998944918661467,9.41346720433389e-05,SS
391,CrZrMoPd,0.6639849626111877,0.250086779702918,0.08592825768589427,IM
392,TiMoPdNbHf,0.00011161387017878701,0.9997233619130704,0.0001650242167508183,SS
393,TaZrVPd,0.27911720326042405,0.7207647944344553,0.00011800230512047884,SS
394,AlTaZrTiV,0.4709801978330933,0.5290164754345142,3.326732392469788e-06,SS
395,TaTiMoVPdHf,0.003292822190780645,0.9966829014348613,2.4276374358258778e-05,SS
396,AlCrTaPdNbHf,2.0467029495260454e-05,0.26291855053826657,0.7370609824322382,SS+IM
397,MoVPdHf,1.0002302329944e-05,0.9999474719653818,4.252573228810122e-05,SS
398,AlCrVPdNb,0.03678108525262151,0.9630516976064629,0.00016721714091552789,SS
399,ZrMoVPdHf,0.008517066817756252,0.9914618643455415,2.1068836702220985e-05,SS
400,AlVPdNb,0.004177378363072251,0.9957035901403888,0.00011903149653886087,SS
401,AlTaNbHf,1.630025526661587e-06,0.9999927475964756,5.622377997801403e-06,SS
402,ZrTiVPdHf,0.3674373020652394,0.6325493920925577,1.330584220290857e-05,SS
403,AlTaZrHf,0.11484792050311379,0.8851429037567221,9.175740164162932e-06,SS
404,CrTiVPdNb,0.008230453212796373,0.9411641929048524,0.050605353882351434,SS
405,AlCrPdNbHf,2.1504347271012002e-05,0.9997918235155153,0.00018667213721368668,SS
406,CrZrVNb,0.02983349298086864,0.002902876775681194,0.9672636302434502,SS+IM
407,AlTaMoPd,0.004808439454678933,0.9951830146660097,8.545879311421414e-06,SS
408,AlTiMoPdNbHf,1.0939800264552542e-05,0.8872995699458812,0.11268949025385419,SS
409,CrPdNbHf,1.48102113913973e-05,0.9975342997140613,0.0024508900745472493,SS
410,CrMoVNbHf,5.9015831353684316e-05,0.6853726033277503,0.31456838084089594,SS
411,CrTaZrMoPdHf,0.005587951553000901,0.9908871201944958,0.003524928252503276,SS
412,AlTiMoPdHf,0.00015063187814178897,0.9998339230268098,1.5445095048412776e-05,SS
413,CrZrMoPdNb,0.08310760890763103,0.4307088044621262,0.4861835866302429,SS+IM
414,AlTaZrTiVHf,0.24200233848027658,0.7579860651437292,1.1596375994288015e-05,SS
415,AlTaTiVPd,0.0025338301025417784,0.9974515718538579,1.4598043600401838e-05,SS
416,AlCrZrHf,0.007032643841319716,0.9907190613453745,0.002248294813305882,SS
417,CrZrMoVPd,0.026755164725478654,0.6289831305810657,0.34426170469345563,SS
418,AlCrZrMoNbHf,0.05232344535566561,0.010188461051945957,0.9374880935923885,SS+IM
419,CrTaTiVNb,9.18385761855738e-06,0.010655557568108135,0.9893352585742734,SS+IM
420,AlCrTiVPdHf,0.017485009749908038,0.98248195096341,3.3039286682191556e-05,SS
421,ZrVPdNbHf,0.004667083563054748,0.9953088679246155,2.4048512329881838e-05,SS
422,AlTaVPd,0.009923367473117414,0.9900678421128701,8.790414012560783e-06,SS
423,ZrMoPdNb,0.3702921751644525,0.3665913359241729,0.2631164889113746,IM
424,TaZrTiNb,3.8843616660710755e-06,0.9999876764203559,8.439217978063197e-06,SS
425,AlZrTiMoNb,0.002619008426598223,0.9973662411327121,1.4750440689694964e-05,SS
426,CrTaZrTiMo,7.3917071668847325e-06,0.14080402991195617,0.8591885783808769,SS+IM
427,AlTaTiMoPd,3.3826310721954e-05,0.9999502428171752,1.593087210281619e-05,SS
428,AlCrTiMoNbHf,0.0006202730391330407,0.08082863202828994,0.918551094932577,SS+IM
429,AlZrMoPd,0.0004848575743028446,0.9995021398639534,1.300256174371791e-05,SS
430,CrTaTiVPdHf,0.0003190626394154814,0.9995776452370434,0.0001032921235411455,SS
431,CrZrTiVPd,0.4092259819512647,0.5876047065134505,0.0031693115352848292,SS
432,AlTaTiPd,0.00018885671322213372,0.9998001836105513,1.0959676226458115e-05,SS
433,AlCrTaZrTiMo,0.0015604228026434768,0.8235664465368816,0.17487313066047488,SS
434,ZrMoVPd,0.11871099938662076,0.8788947158453837,0.0023942847679954676,SS
435,AlCrTaPdHf,1.0369815584285007e-05,0.999956953434206,3.26767502096483e-05,SS
436,TaTiVNbHf,1.157129317763877e-06,0.999990221858096,8.621012586141474e-06,SS
437,CrTaZrMoNb,0.00646358883972119,0.001054363366420801,0.992482047793858,SS+IM
438,AlTaTiMoV,4.7613063433333726e-05,0.999946674870798,5.712065768794082e-06,SS
439,AlCrZrMoNb,0.7796723812564708,0.16491924708540026,0.055408371658128994,IM
440,CrTaZrNb,0.004986449373527453,0.0018597016205637875,0.9931538490059086,SS+IM
441,CrTiPdHf,6.714853073612628e-06,0.9999366649353656,5.6620211560776944e-05,SS
442,AlVPdNbHf,1.6913492488881113e-05,0.9999716830802735,1.1403427237644911e-05,SS
443,AlCrTaTiVNb,2.5357213769224373e-05,0.9990100725323802,0.0009645702538506272,SS
444,TaTiMoVNbHf,9.238839863950564e-06,0.9999728863638517,1.7874796284383593e-05,SS
445,ZrMoVNb,0.005978082725317396,0.9940041524578109,1.7764816871526704e-05,SS
446,AlCrTaZrMoV,0.0007518484738235852,0.9991034189265351,0.0001447325996413964,SS
447,CrTaTiMoPdNb,1.6002331376402467e-05,0.7696945933226449,0.2302894043459787,SS
448,CrTaZrVNbHf,0.004825137156800468,0.1417993083643032,0.8533755544788963,SS+IM
449,CrTaMoVHf,2.3353794458735206e-05,0.9939710441472416,0.0060056020582995836,SS
450,TaTiMoNb,6.891556852044854e-06,0.9999385414155652,5.456702758268959e-05,SS
451,AlCrVPdHf,8.816299038396072e-06,0.999964316022829,2.6867678132635527e-05,SS
452,AlTaTiMoPdNb,1.2371360659420052e-05,0.9940672740162283,0.005920354623112389,SS
453,TiVPdHf,0.0054230527037699506,0.9945507222838869,2.6225012343129093e-05,SS
454,CrMoPdNb,0.0002656515065599685,0.9822138530884692,0.017520495404970696,SS
455,AlTaZrTiMoPd,0.0031073830332578284,0.9968814236120311,1.1193354711037487e-05,SS
456,AlCrVPd,0.03842934438970184,0.9615406167290967,3.0038881201492092e-05,SS
457,TaZrMoPd,0.06260363064092735,0.933928478906984,0.003467890452088543,SS
458,AlCrTaZrTiNb,1.211045190110082e-05,0.1554506808127163,0.8445372087353825,SS+IM
459,AlZrTiVNbHf,0.016946970179205982,0.9829780125212139,7.50172995801002e-05,SS
460,TiMoVPdHf,1.545652987001278e-05,0.9999631428841979,2.1400585932137687e-05,SS
461,AlVNbHf,1.2360323664893928e-05,0.999956650373905,3.098930243012303e-05,SS
462,AlZrTiPd,0.22059210254622175,0.7792907530144803,0.00011714443929802103,SS
463,CrTaZrMoVNb,0.015692525774851477,0.8533523026878324,0.13095517153731617,SS
464,AlTaZrTiPd,0.20024581426494129,0.7997451968509814,8.988884077260114e-06,SS
465,ZrTiMoPdNb,0.835288150371889,0.15949726992940144,0.0052145796987094735,IM
466,AlZrVPd,0.5301741278972054,0.4698123014387305,1.3570664064131787e-05,IM
467,CrZrTiNb,5.37893286941394e-06,1.1757519993759461e-05,0.999982863547137,SS+IM
468,AlZrNbHf,0.00045795422140707567,0.999533573647642,8.472130950992853e-06,SS
469,AlCrTaTiPdHf,5.373720249354223e-05,0.9998988491781674,4.7413619339018806e-05,SS
470,AlCrMoNb,0.7821125441552386,0.21304071497497426,0.0048467408697871585,IM
471,AlTiPdNb,9.52586442587564e-06,0.9997656927754419,0.00022478136013220998,SS
472,ZrMoVPdNb,0.4775649268099554,0.5210014973819959,0.0014335758080486626,SS
473,AlZrTiVPd,0.9397191310278132,0.06026380260551551,1.706636667138654e-05,IM
474,TaMoVPd,0.0001775881234230833,0.9996629364630036,0.00015947541357331355,SS
475,AlCrTaVPdNb,0.007147738562618779,0.9922806176956909,0.0005716437416902987,SS
476,AlTaZrPdHf,0.06101312589277165,0.9389752301512335,1.1643955994819657e-05,SS
477,TaZrTiMo,6.1521612657334125e-06,0.9999747198655061,1.912797322810538e-05,SS
478,TaZrVHf,0.26211968101742555,0.7378683422483883,1.197673418625042e-05,SS
479,AlCrTaZrNb,0.0679581944934033,0.8527310990967641,0.07931070640983252,SS
480,AlCrZrTiNb,0.012882509077807037,0.031167224542207824,0.955950266379985,SS+IM
481,AlTiVHf,0.16981223122704625,0.8301556397004342,3.2129072519667175e-05,SS
482,CrTaTiMoPd,4.234800960998043e-05,0.9990986920840776,0.0008589599063124576,SS
483,AlCrTaMoHf,0.00021252372943963657,0.9997690418744903,1.8434396070083906e-05,SS
484,AlTaZrTiVPd,0.39577987780072504,0.6042081709979247,1.1951201350156564e-05,SS
485,ZrTiMoVNb,5.296084175813695e-06,0.9999928566294808,1.847286343282527e-06,SS
486,AlCrZrNbHf,0.06130403541981148,0.9317423773492237,0.006953587230964788,SS
487,AlCrZrTiMoNb,0.002122019753648349,0.0017146319846601144,0.9961633482616915,SS+IM
488,AlTaZrPdNb,0.00046349071215865447,0.9995255575406136,1.0951747227756823e-05,SS
489,AlTiMoNbHf,0.00012946881880118748,0.9998651933548633,5.337826335568272e-06,SS
490,TiVPdNbHf,1.3502366200672046e-05,0.9999583903577373,2.810727606211431e-05,SS
491,TaZrTiPdNb,5.410021309690796e-05,0.9992789233011736,0.0006669764857294406,SS
492,AlVPdHf,0.005624707776467605,0.9943579260737482,1.7366149784206705e-05,SS
493,TaTiMoV,0.00011095745537275684,0.999818777967979,7.0264576648214e-05,SS
494,ZrTiMoVPdNb,0.40126243785133475,0.5973716054100693,0.0013659567385959604,SS
495,TaMoVHf,3.074210900208958e-06,0.9999580173656681,3.890842343173013e-05,SS
496,TaZrTiMoNb,8.295048948972857e-06,0.999955922366896,3.578258415502577e-05,SS
497,TaZrMoVHf,0.005382392679544477,0.9945579044221567,5.97028982987672e-05,SS
498,AlCrZrVHf,0.0009097633071241546,0.9985050616431718,0.0005851750497040616,SS
499,CrTaZrVPdHf,0.012676053968167423,0.9869566585384376,0.0003672874933948468,SS
500,CrTaTiVPd,3.836792493553418e-05,0.9992771458953479,0.0006844861797167281,SS
